1.00454
-0.0944189
-0.194234
1.14326
-0.240727
0.467423
0.433029
1.29265
1.22045
1.32804
0.263863
1.26353
-0.545495
-0.724687
-0.21783
-0.778027
1.38012
0.556435
-0.709746
-0.276745
1.7735
-0.994226
-0.758522
-0.500254
-0.83842
-1.13133
-0.2961
-0.862888
0.574261
-0.762349
0.599651
0.801444
-1.34605
1.11647
1.09037
1.2925
1.57723
-0.811142
-0.81061
-0.291208
0.253795
-0.853039
-0.52256
-0.763795
-0.181095
-0.777683
0.562167
-0.0123364
0.982326
1.38831
0.511178
-1.56372
-0.781093
-0.862516
-1.37883
-1.36456
0.726142
-1.30728
-0.410433
0.502369
0.013461
0.265217
-0.901851
-1.70865
-0.881323
1.28991
0.152177
-0.843816
-1.05793
-0.859444
1.09143
-0.507371
-0.516281
-0.788903
-0.181403
1.85795
0.1141
-1.44788
-1.46682
-1.14584
0.857879
0.603023
1.34419
-0.617654
0.507698
-0.503494
-1.00777
-0.144067
-1.59003
0.78866
-0.670775
-0.531552
1.46316
0.532844
0.934297
0.487811
-0.190911
0.598077
-0.170908
-1.51151
-1.47629
-0.201229
-0.912395
1.3789
0.994896
0.480721
-0.552479
0.950068
1.0759
-1.65173
-0.0345337
-1.20025
-0.419907
-1.57354
-1.19872
-1.65262
0.688427
1.08111
-1.68085
0.67929
0.902154
0.955824
1.27464
-0.629945
-0.386845
-0.790759
1.49047
-1.00482
-0.745158
1.00027
-0.0148571
0.662823
-0.576005
0.603599
0.470971
-0.709246
-0.775709
0.128716
-1.73482
0.710749
1.22699
-0.16424
0.219829
-0.238495
0.429313
1.46856
-0.232944
1.01056
1.0762
-0.650392
-0.982024
-1.30872
-0.939759
-0.132479
-0.804383
-1.65575
0.853227
-0.851212
-0.343851
0.653287
-0.421059
-0.458681
-1.06473
1.75516
0.215062
-0.266861
-0.618272
-1.02533
-0.294643
-1.18041
-0.973903
1.38798
0.848595
-0.712906
-1.26539
-0.128161
1.79228
-0.728122
0.501397
-0.815624
-0.811385
1.24413
0.551005
-0.671482
0.0473892
-0.481613
1.31009
0.861806
-0.549395
1.03817
-0.397672
0.800465
-0.329166
0.940509
-0.648675
-1.2256
-0.569626
-1.31628
-0.970826
1.26056
0.452432
1.25503
1.40449
0.735205
1.39778
-1.06053
-0.929111
0.591799
0.478619
-1.13387
-0.223089
-0.924624
-1.41831
2.0302
-1.05289
-1.22277
-0.821243
0.605401
0.261946
-1.21393
1.04379
1.1453
-0.692784
1.81268
-0.987061
-0.571543
0.122626
0.274004
-1.7201
-0.747308
0.683459
0.197062
-0.328133
0.998666
0.974676
1.33359
-0.51671
1.05424
-0.446322
-1.17132
0.561918
-0.585125
-0.604835
0.000206289
-0.40869
1.16375
1.11647
-0.966312
-0.391404
1.76749
0.704096
-0.914163
0.0792359
-0.699196
-0.990038
-0.680573
-0.694484
1.03544
-0.686197
-0.461144
-1.23533
1.74642
-0.838099
-1.13786
-0.642397
-0.204108
-0.411394
-1.17975
0.109944
1.42488
